percPairInter	countInter	countNoInter	minInter	avgInter	maxInter	minNoInter	avgNoInter	maxNoInter	minTotal	avgTotal	maxTotal	countInterCC	countNoInterCC	minInterCC	avgInterCC	maxInterCC	minNoInterCC	avgNoInterCC	maxNoInterCC	minTotalCC	avgTotalCC	maxTotalCC	countInterCT	countNoInterCT	minInterCT	avgInterCT	maxInterCT	minNoInterCT	avgNoInterCT	maxNoInterCT	minTotalCT	avgTotalCT	maxTotalCT	countInterTC	countNoInterTC	minInterTC	avgInterTC	maxInterTC	minNoInterTC	avgNoInterTC	maxNoInterTC	minTotalTC	avgTotalTC	maxTotalTC	countInterTT	countNoInterTT	minInterTT	avgInterTT	maxInterTT	minNoInterTT	avgNoInterTT	maxNoInterTT	minTotalTT	avgTotalTT	maxTotalTT
0.1	74174	125820	0.953307	2.061856	3.869231	0.135922	1.142155	13.760000	0.135922	1.234125	13.760000	19882	30074	1.608295	2.675634	3.869231	0.173554	1.154897	13.538462	0.173554	1.306971	13.538462	18612	31316	1.117886	1.998857	3.099291	0.148148	1.116133	13.760000	0.148148	1.204405	13.760000	18362	31230	1.142857	1.995607	2.900709	0.146789	1.152028	13.666667	0.146789	1.236386	13.666667	17318	33200	0.953307	1.495156	2.461078	0.135922	1.145869	10.458333	0.135922	1.180798	10.458333
0.2	74328	125660	0.766355	2.065718	4.511450	0.115942	1.150277	13.880000	0.115942	1.333365	13.880000	20246	30176	2.029070	2.674944	4.511450	0.177083	1.133148	13.714286	0.177083	1.441507	13.714286	18410	31628	1.340000	1.999344	3.094203	0.146789	1.163951	13.625000	0.146789	1.331029	13.625000	18460	31272	1.248848	1.995984	2.631206	0.115942	1.158049	13.880000	0.115942	1.325636	13.880000	17212	32584	0.766355	1.494886	2.505263	0.147826	1.145407	10.416667	0.147826	1.215302	10.416667
0.3	74508	125482	0.946154	2.066441	3.263566	0.124088	1.146541	14.217391	0.124088	1.422511	14.217391	20108	29998	1.740000	2.675652	3.263566	0.166667	1.118448	13.538462	0.166667	1.585609	13.538462	18628	31376	1.376289	1.999141	2.926471	0.146789	1.160402	14.217391	0.146789	1.412024	14.217391	18884	31172	1.421053	1.995321	2.771429	0.124088	1.157288	13.541667	0.124088	1.408698	13.541667	16888	32936	0.946154	1.494831	1.860606	0.156250	1.148753	10.583333	0.156250	1.252576	10.583333
0.4	74592	125400	0.743827	2.062232	3.635659	0.132743	1.143175	13.958333	0.132743	1.510798	13.958333	19964	30348	1.660232	2.675354	3.635659	0.186813	1.119739	13.920000	0.186813	1.741985	13.920000	18600	31136	1.340741	1.999622	2.693431	0.138614	1.132257	13.666667	0.138614	1.479203	13.666667	18692	31200	1.283721	1.995636	3.201878	0.132743	1.155133	13.958333	0.132743	1.491334	13.958333	17336	32716	0.743827	1.495145	2.909639	0.163265	1.163904	10.807692	0.163265	1.296400	10.807692
0.5	74658	125330	1.073930	2.060883	3.541096	0.129771	1.142624	18.785714	0.129771	1.601753	18.785714	19916	29950	2.035088	2.676320	3.361538	0.180723	1.124233	18.785714	0.180723	1.900276	18.785714	18416	31678	1.073930	1.999509	3.541096	0.146789	1.151864	14.086957	0.146789	1.575687	14.086957	18844	31642	1.304762	1.995443	2.730496	0.146789	1.139153	14.555556	0.146789	1.567298	14.555556	17482	32060	1.199005	1.494952	1.921212	0.129771	1.154099	10.695652	0.129771	1.324526	10.695652
0.6	74540	125454	1.038136	2.059363	4.962406	0.103030	1.147068	13.583333	0.103030	1.694445	13.583333	19762	30050	1.825000	2.676677	4.962406	0.139344	1.158353	13.576923	0.139344	2.069347	13.576923	18488	31506	1.038136	2.000517	3.687831	0.148148	1.132695	13.583333	0.148148	1.653388	13.583333	18700	31228	1.372449	1.995923	3.534247	0.127119	1.128504	13.583333	0.127119	1.648956	13.583333	17590	32670	1.065502	1.495115	1.927273	0.103030	1.168294	13.148148	0.103030	1.364386	13.148148
0.7	74624	125364	0.760606	2.063555	3.890173	0.106250	1.145570	19.214286	0.106250	1.788160	19.214286	20164	30288	1.802521	2.675364	3.890173	0.190476	1.125170	19.214286	0.190476	2.210306	19.214286	18586	31510	1.142857	1.999560	2.824242	0.106250	1.141702	17.851852	0.106250	1.742203	17.851852	18482	30988	1.268868	1.995224	2.904762	0.146789	1.160905	14.173913	0.146789	1.744928	14.173913	17392	32578	0.760606	1.495237	3.243902	0.145631	1.153691	10.846154	0.145631	1.392773	10.846154
0.8	74030	125960	0.992000	2.064627	4.364238	0.139344	1.135396	14.413793	0.139344	1.878781	14.413793	20064	30328	1.725490	2.675967	3.307692	0.195122	1.119281	14.413793	0.195122	2.364630	14.413793	18424	30972	1.403141	1.999862	4.364238	0.146789	1.129743	14.166667	0.146789	1.825838	14.166667	18280	31472	1.277533	1.996164	2.966667	0.146789	1.137087	13.583333	0.146789	1.824349	13.583333	17262	33188	0.992000	1.495679	3.852761	0.139344	1.153794	10.739130	0.139344	1.427302	10.739130
0.9	74762	125230	0.908257	2.061844	3.550802	0.136364	1.138984	13.923077	0.136364	1.969558	13.923077	20034	29820	2.020305	2.674946	3.550802	0.137931	1.102084	13.538462	0.137931	2.517660	13.538462	18862	31318	1.391753	1.999101	3.043165	0.146789	1.132414	13.791667	0.146789	1.912432	13.791667	18498	31394	1.131206	1.994555	2.829114	0.136364	1.160532	13.923077	0.136364	1.911152	13.923077	17368	32698	0.908257	1.494437	2.798780	0.139344	1.158239	10.720000	0.139344	1.460817	10.720000
