percPairInter	countInter	countNoInter	minInter	avgInter	maxInter	minNoInter	avgNoInter	maxNoInter	minTotal	avgTotal	maxTotal	countInterCC	countNoInterCC	minInterCC	avgInterCC	maxInterCC	minNoInterCC	avgNoInterCC	maxNoInterCC	minTotalCC	avgTotalCC	maxTotalCC	countInterCT	countNoInterCT	minInterCT	avgInterCT	maxInterCT	minNoInterCT	avgNoInterCT	maxNoInterCT	minTotalCT	avgTotalCT	maxTotalCT	countInterTC	countNoInterTC	minInterTC	avgInterTC	maxInterTC	minNoInterTC	avgNoInterTC	maxNoInterTC	minTotalTC	avgTotalTC	maxTotalTC	countInterTT	countNoInterTT	minInterTT	avgInterTT	maxInterTT	minNoInterTT	avgNoInterTT	maxNoInterTT	minTotalTT	avgTotalTT	maxTotalTT
0.1	52992	147008	0.289222	1.645262	3.088929	0.026688	0.676814	27.972973	0.026688	0.773659	27.972973	16374	33630	2.055866	2.658200	3.088929	0.037815	0.603590	13.252212	0.037815	0.809051	13.252212	13478	37020	0.473251	1.426485	2.680397	0.027486	0.670883	22.387755	0.027486	0.746443	22.387755	13088	36642	0.470426	1.428448	2.583134	0.026688	0.671253	20.764706	0.026688	0.746973	20.764706	10052	39716	0.289222	0.570898	0.822473	0.027157	0.749478	27.972973	0.027157	0.731620	27.972973
0.2	51846	148154	0.290522	1.640652	3.395413	0.027092	0.678873	28.108108	0.027092	0.871229	28.108108	15978	34234	1.828447	2.658938	3.395413	0.039387	0.595190	15.047826	0.039387	1.007939	15.047826	12708	37314	0.464358	1.427126	2.801641	0.027309	0.675123	22.387755	0.027309	0.825523	22.387755	13054	36958	0.470907	1.429999	2.580392	0.027344	0.678087	21.057692	0.027344	0.828470	21.057692	10106	39648	0.290522	0.571305	0.914305	0.027092	0.755391	28.108108	0.027092	0.718574	28.108108
0.3	52046	147954	0.290569	1.630945	3.451671	0.026814	0.676408	28.388889	0.026814	0.962769	28.388889	15742	34138	1.941176	2.658088	3.451671	0.039735	0.595914	13.226667	0.039735	1.214566	13.226667	13100	36764	0.473901	1.427939	3.036719	0.027486	0.680578	22.285714	0.027486	0.904787	22.285714	12954	36962	0.431818	1.427615	2.821618	0.026814	0.668215	21.745098	0.026814	0.896035	21.745098	10250	40090	0.290569	0.569872	0.769397	0.027309	0.748681	28.388889	0.027309	0.695039	28.388889
0.4	52380	147620	0.295597	1.634126	3.515625	0.026625	0.679407	27.378378	0.026625	1.061295	27.378378	16032	33640	2.129455	2.657113	3.515625	0.040043	0.587092	13.198238	0.040043	1.415100	13.198238	13176	36992	0.473140	1.428340	2.757031	0.027620	0.692006	22.120000	0.027620	0.986540	22.120000	12830	36962	0.407386	1.425436	2.739907	0.027553	0.669286	22.200000	0.027553	0.971746	22.200000	10342	40026	0.295597	0.569381	0.780453	0.026625	0.754698	27.378378	0.026625	0.680571	27.378378
0.5	52446	147554	0.294810	1.642163	4.536860	0.026521	0.676456	27.351351	0.026521	1.159309	27.351351	15974	33912	1.557248	2.657868	4.536860	0.039615	0.609089	13.324444	0.039615	1.633478	13.324444	13642	36824	0.359772	1.429747	3.036129	0.026984	0.667185	23.142857	0.026984	1.048466	23.142857	12998	36988	0.473829	1.427631	2.949298	0.027710	0.674889	20.700000	0.027710	1.051260	20.700000	9832	39830	0.294810	0.570295	0.782668	0.026521	0.743840	27.351351	0.026521	0.657068	27.351351
0.6	52580	147420	0.288331	1.635602	3.997250	0.026418	0.676055	27.459459	0.026418	1.251783	27.459459	16016	33620	1.778186	2.657289	3.997250	0.040089	0.599354	13.352174	0.040089	1.834115	13.352174	13086	37174	0.357567	1.429193	2.563981	0.027178	0.672724	22.854167	0.027178	1.126605	22.854167	13238	37038	0.474930	1.427524	3.043171	0.028007	0.664174	22.183673	0.028007	1.122184	22.183673	10240	39588	0.288331	0.570393	0.802878	0.026418	0.755438	27.459459	0.026418	0.644411	27.459459
0.7	52346	147654	0.282432	1.640549	4.879111	0.026442	0.676479	28.611111	0.026442	1.351328	28.611111	16040	34414	2.172337	2.657809	4.879111	0.039823	0.598944	13.220264	0.039823	2.040149	13.220264	13092	36852	0.474554	1.429232	3.339258	0.027157	0.687753	22.469388	0.027157	1.206788	22.469388	13138	36578	0.475187	1.430014	4.046765	0.026583	0.667598	21.134615	0.026583	1.201289	21.134615	10076	39810	0.282432	0.570255	0.764875	0.026442	0.741229	28.611111	0.026442	0.621547	28.611111
0.8	52142	147858	0.300141	1.642869	3.748462	0.026835	0.683747	28.694444	0.026835	1.451045	28.694444	15998	34236	1.631609	2.657593	3.349365	0.039823	0.595301	13.251101	0.039823	2.245135	13.251101	13006	36684	0.473430	1.428222	3.748462	0.027778	0.681028	22.060000	0.027778	1.278783	22.060000	13284	37080	0.420061	1.427358	2.676242	0.026835	0.690518	21.877551	0.026835	1.279990	21.877551	9854	39858	0.300141	0.569295	0.869427	0.027049	0.755922	28.694444	0.027049	0.606620	28.694444
0.9	52476	147524	0.300819	1.641245	3.842628	0.026856	0.680868	28.657143	0.026856	1.545207	28.657143	16188	34142	1.960784	2.658019	3.761905	0.039779	0.596012	13.216814	0.039779	2.451818	13.216814	13144	36900	0.473171	1.428146	2.635665	0.027353	0.679893	21.269231	0.027353	1.353321	21.269231	12992	36714	0.395740	1.426743	3.842628	0.027665	0.682460	22.448980	0.027665	1.352314	22.448980	10152	39768	0.300819	0.570348	0.802935	0.026856	0.753154	28.657143	0.026856	0.588629	28.657143
