percPairInter	countInter	countNoInter	minInter	avgInter	maxInter	minNoInter	avgNoInter	maxNoInter	minTotal	avgTotal	maxTotal	countInterCC	countNoInterCC	minInterCC	avgInterCC	maxInterCC	minNoInterCC	avgNoInterCC	maxNoInterCC	minTotalCC	avgTotalCC	maxTotalCC	countInterCT	countNoInterCT	minInterCT	avgInterCT	maxInterCT	minNoInterCT	avgNoInterCT	maxNoInterCT	minTotalCT	avgTotalCT	maxTotalCT	countInterTC	countNoInterTC	minInterTC	avgInterTC	maxInterTC	minNoInterTC	avgNoInterTC	maxNoInterTC	minTotalTC	avgTotalTC	maxTotalTC	countInterTT	countNoInterTT	minInterTT	avgInterTT	maxInterTT	minNoInterTT	avgNoInterTT	maxNoInterTT	minTotalTT	avgTotalTT	maxTotalTT
0.1	31568	168432	0.188995	0.484271	0.847670	0.038849	0.503557	8.781250	0.038849	0.501628	8.781250	10716	39266	0.579942	0.714376	0.847670	0.062366	0.359545	3.486301	0.062366	0.395028	3.486301	7664	42412	0.262613	0.409951	0.683702	0.045151	0.487978	8.781250	0.045151	0.480175	8.781250	8042	42196	0.266120	0.409912	0.582621	0.043956	0.488455	8.718750	0.043956	0.480601	8.718750	5146	44558	0.188995	0.231991	0.329949	0.038849	0.659596	8.208333	0.038849	0.616835	8.208333
0.2	31716	168284	0.188609	0.483069	1.197441	0.038298	0.502027	8.812500	0.038298	0.498235	8.812500	10646	39484	0.534506	0.714731	1.197441	0.062366	0.355441	2.787671	0.062366	0.427299	2.787671	7788	42554	0.255875	0.410237	0.865942	0.044800	0.490341	8.625000	0.044800	0.474320	8.625000	8082	41948	0.260870	0.409896	0.593245	0.045089	0.489081	8.812500	0.045089	0.473244	8.812500	5200	44298	0.188609	0.231591	0.357326	0.038298	0.656167	8.291667	0.038298	0.571252	8.291667
0.3	31388	168612	0.188024	0.482573	0.826549	0.039359	0.504699	9.064516	0.039359	0.498061	9.064516	10606	39566	0.510127	0.714160	0.826549	0.064018	0.353973	2.748299	0.064018	0.462029	2.748299	7828	42044	0.263226	0.409572	0.552749	0.044374	0.490852	9.064516	0.044374	0.466468	9.064516	7672	42308	0.271233	0.409541	0.610698	0.044657	0.494305	8.687500	0.044657	0.468876	8.687500	5282	44694	0.188024	0.231823	0.323106	0.039359	0.660997	8.208333	0.039359	0.532244	8.208333
0.4	31282	168718	0.139262	0.481770	1.133545	0.039416	0.503490	9.096774	0.039416	0.494802	9.096774	10448	39568	0.591528	0.714639	1.133545	0.062780	0.355770	2.945946	0.062780	0.499318	2.945946	7980	41980	0.261628	0.409862	0.596774	0.045902	0.489760	8.437500	0.045902	0.457801	8.437500	7614	42704	0.215993	0.409875	0.698592	0.045234	0.488793	9.096774	0.045234	0.457226	9.096774	5240	44466	0.139262	0.231428	0.313602	0.039416	0.662014	8.291667	0.039416	0.489780	8.291667
0.5	31082	168918	0.192494	0.483474	1.295374	0.038244	0.504941	9.000000	0.038244	0.494208	9.000000	10418	39572	0.531081	0.714952	1.295374	0.063181	0.357895	2.810811	0.063181	0.536424	2.810811	7838	42338	0.265857	0.409974	0.789550	0.045977	0.492918	9.000000	0.045977	0.451446	9.000000	7800	42682	0.262803	0.410154	0.606461	0.045977	0.490113	8.781250	0.045977	0.450134	8.781250	5026	44326	0.192494	0.232071	0.269430	0.038244	0.661978	8.166667	0.038244	0.447025	8.166667
0.6	31396	168604	0.185423	0.482966	1.005797	0.038462	0.505565	9.096774	0.038462	0.492006	9.096774	10516	39108	0.644845	0.714780	0.868132	0.063457	0.358111	2.800000	0.063457	0.572112	2.800000	7968	41942	0.268226	0.410383	1.005797	0.045381	0.491348	9.000000	0.045381	0.442769	9.000000	7748	42384	0.264822	0.410183	0.598820	0.045528	0.491323	9.096774	0.045528	0.442639	9.096774	5164	45170	0.185423	0.232095	0.326478	0.038462	0.659796	8.291667	0.038462	0.403175	8.291667
0.7	31930	168070	0.174699	0.483689	0.853357	0.038627	0.505637	8.967742	0.038627	0.490274	8.967742	10796	39320	0.524899	0.714193	0.853357	0.063043	0.358114	2.756757	0.063043	0.607369	2.756757	7964	41988	0.227222	0.410245	0.569069	0.043887	0.492371	8.967742	0.043887	0.434883	8.967742	7936	42042	0.260700	0.409905	0.591508	0.045902	0.491772	8.593750	0.045902	0.434465	8.593750	5234	44720	0.174699	0.231864	0.361702	0.038627	0.660837	8.434783	0.038627	0.360556	8.434783
0.8	31426	168574	0.190132	0.480869	0.838828	0.038961	0.507928	8.906250	0.038961	0.486281	8.906250	10474	39564	0.526104	0.714300	0.838828	0.063927	0.357892	2.813793	0.063927	0.643018	2.813793	7792	42090	0.267030	0.409815	0.565217	0.044234	0.486977	8.906250	0.044234	0.425248	8.906250	7766	42160	0.264666	0.410111	0.706745	0.045016	0.499477	8.838710	0.045016	0.427984	8.838710	5394	44760	0.190132	0.232111	0.347630	0.038961	0.668207	8.259259	0.038961	0.319330	8.259259
0.9	31336	168664	0.144703	0.481202	0.867647	0.039074	0.504622	8.843750	0.039074	0.483544	8.843750	10416	39008	0.435466	0.714037	0.867647	0.064018	0.357324	2.816327	0.064018	0.678366	2.816327	7824	42532	0.253503	0.409743	0.616864	0.046129	0.490516	8.750000	0.046129	0.417820	8.750000	7864	42028	0.265499	0.409694	0.588323	0.045226	0.488700	8.843750	0.045226	0.417594	8.843750	5232	45096	0.144703	0.232012	0.348925	0.039074	0.660177	8.208333	0.039074	0.274828	8.208333
