percPairInter	countInter	countNoInter	minInter	avgInter	maxInter	minNoInter	avgNoInter	maxNoInter	minTotal	avgTotal	maxTotal	countInterCC	countNoInterCC	minInterCC	avgInterCC	maxInterCC	minNoInterCC	avgNoInterCC	maxNoInterCC	minTotalCC	avgTotalCC	maxTotalCC	countInterCT	countNoInterCT	minInterCT	avgInterCT	maxInterCT	minNoInterCT	avgNoInterCT	maxNoInterCT	minTotalCT	avgTotalCT	maxTotalCT	countInterTC	countNoInterTC	minInterTC	avgInterTC	maxInterTC	minNoInterTC	avgNoInterTC	maxNoInterTC	minTotalTC	avgTotalTC	maxTotalTC	countInterTT	countNoInterTT	minInterTT	avgInterTT	maxInterTT	minNoInterTT	avgNoInterTT	maxNoInterTT	minTotalTT	avgTotalTT	maxTotalTT
0.1	46910	153080	0.743119	1.690052	3.407407	0.127451	0.815496	9.476190	0.127451	0.902951	9.476190	13100	36848	1.132075	2.171220	3.407407	0.236364	0.736743	3.357143	0.236364	0.880191	3.407407	11604	38204	1.028571	1.651301	2.224138	0.224138	0.828055	6.333333	0.224138	0.910380	6.333333	11738	38164	0.970000	1.650570	3.150000	0.127451	0.828269	9.476190	0.127451	0.910499	9.476190	10468	39864	0.743119	1.175130	2.151515	0.185714	0.864025	8.133333	0.185714	0.895136	8.133333
0.2	46946	153046	0.796117	1.688660	3.113208	0.164557	0.816532	6.333333	0.164557	0.990957	6.333333	12988	37138	1.565789	2.169212	3.113208	0.276596	0.738593	3.690476	0.276596	1.024716	3.690476	11718	38492	1.090909	1.650324	2.619048	0.164557	0.827762	6.333333	0.164557	0.992274	6.333333	11848	37854	1.146341	1.649954	2.150000	0.192982	0.829154	6.333333	0.192982	0.993314	6.333333	10392	39562	0.796117	1.175420	2.492308	0.265306	0.866692	6.142857	0.265306	0.928437	6.142857
0.3	47074	152920	0.836735	1.689653	2.773585	0.206349	0.814071	6.642857	0.206349	1.076746	6.642857	13076	36734	1.383721	2.169961	2.773585	0.289855	0.734187	3.750000	0.289855	1.164920	3.750000	11896	38422	1.105882	1.650007	2.550000	0.212389	0.829120	6.642857	0.212389	1.075386	6.642857	11702	38166	1.134146	1.649454	2.133333	0.206349	0.825658	6.642857	0.206349	1.072797	6.642857	10400	39598	0.836735	1.176339	1.630769	0.282609	0.862408	6.142857	0.282609	0.956588	6.142857
0.4	46770	153224	0.807692	1.695238	2.763636	0.216667	0.813690	6.466667	0.216667	1.166309	6.466667	13354	36848	1.091743	2.170298	2.763636	0.347826	0.735613	3.641026	0.347826	1.309487	3.641026	11506	38328	0.897436	1.650382	2.233645	0.216667	0.825440	6.400000	0.216667	1.155417	6.400000	11720	38488	1.009524	1.649488	2.283333	0.263158	0.827272	6.466667	0.263158	1.156158	6.466667	10190	39560	0.807692	1.175939	1.757143	0.275000	0.861818	6.066667	0.275000	0.987466	6.066667
0.5	47374	152618	0.826772	1.693374	2.910714	0.232143	0.814168	6.466667	0.232143	1.253771	6.466667	13310	36706	1.282609	2.170077	2.910714	0.260000	0.736168	3.078947	0.260000	1.453123	3.078947	11756	38220	1.086022	1.650861	2.903226	0.282051	0.827351	6.333333	0.282051	1.239106	6.333333	12028	37840	0.826772	1.650339	2.777778	0.245033	0.827754	6.466667	0.245033	1.239047	6.466667	10280	39852	0.890110	1.175132	1.673267	0.232143	0.860465	5.928571	0.232143	1.017798	5.928571
0.6	46868	153126	1.080000	1.689808	2.872727	0.232143	0.815415	6.714286	0.232143	1.340050	6.714286	13092	37464	1.573333	2.170125	2.872727	0.288889	0.735934	3.076923	0.288889	1.596448	3.076923	11520	37894	1.158537	1.651329	2.169492	0.255102	0.827979	6.714286	0.255102	1.321989	6.714286	11780	38160	1.146341	1.651096	2.866667	0.296703	0.827987	6.400000	0.296703	1.321852	6.400000	10476	39608	1.080000	1.175393	1.567164	0.232143	0.866459	6.000000	0.232143	1.051819	6.000000
0.7	46692	153296	0.801980	1.696800	3.277778	0.164179	0.814359	6.466667	0.164179	1.432068	6.466667	13292	37092	1.216495	2.172072	3.277778	0.200000	0.736069	3.854839	0.200000	1.741271	3.854839	11674	38254	1.010753	1.651386	2.186441	0.168831	0.824912	6.333333	0.168831	1.403444	6.333333	11682	38468	0.923077	1.650204	2.967213	0.256757	0.826682	6.466667	0.256757	1.403147	6.466667	10044	39482	0.801980	1.174816	1.828571	0.164179	0.865681	5.928571	0.164179	1.082075	5.928571
0.8	46336	153648	0.738739	1.696474	3.607843	0.290909	0.817890	6.642857	0.290909	1.520757	6.642857	13294	37464	1.053097	2.169885	3.607843	0.290909	0.736678	3.675000	0.290909	1.883243	3.675000	11518	37916	1.430769	1.651912	2.523810	0.315789	0.829417	6.642857	0.315789	1.487413	6.642857	11450	38462	0.796748	1.649859	2.150000	0.315789	0.830829	6.400000	0.315789	1.486053	6.400000	10074	39806	0.738739	1.175676	2.333333	0.291667	0.870843	5.928571	0.291667	1.114709	5.928571
0.9	47104	152896	0.773585	1.689820	3.596154	0.178082	0.818013	6.600000	0.178082	1.602640	6.600000	13164	36732	1.239583	2.170713	3.596154	0.178082	0.737885	3.700000	0.178082	2.027430	3.700000	11796	37980	1.158537	1.650781	2.250000	0.315789	0.831683	6.600000	0.315789	1.568871	6.600000	11614	38460	1.120482	1.650093	2.655738	0.196970	0.827716	6.466667	0.196970	1.567856	6.466667	10530	39724	0.773585	1.176186	1.913043	0.210526	0.869641	5.928571	0.210526	1.145531	5.928571
